8 24 4
none elu elu
0.0 0.0 0.0 0.0 0.0 0.0 0.0 0.0 0.0 0.0 0.0 0.0 0.0 0.0 0.0 0.0 0.0 0.0 0.0 0.0 0.0 0.0 0.0 0.0
-0.6745757187692532 0.44864051348787315 -0.36227261800630955 -0.2086570255808869 -0.3666506160389981 0.4573775022340218 0.06614069494941191 0.042528885706649734 -0.09812125165465721 -0.22729183301066402 -0.383660865946297 0.6358686950598776 0.1745301326456483 -0.043063436217016575 0.01669572167591354 -0.15477929608758054 0.05681415089263752 0.13927065738077948 -0.2844565085507154 0.8057787433381053 0.3173898100265696 0.19857426797869046 0.4286371163851034 0.4960784830820337
-0.1491436490326193 -0.2897652523223407 0.11417715592641159 -0.1767445523639082 -0.5502980699652837 0.08023829720524465 -0.07490073864001275 -0.731613586604177 -0.062190554731114546 -0.5341598294394764 -0.31039275744525496 -0.3392883561695708 0.06567535786960425 0.132471912974212 -0.23497988827855157 0.005904949361515621 -0.3956946811211557 -0.31962238818070476 -0.050496032162434 0.48015769796422864 -0.25293131058438323 0.18223651770954544 -0.5969023973735414 0.5893777346079454
0.3951388986831919 -0.15881869035665688 -0.4821160171357224 0.033097424147741826 -0.09705017543184793 -0.31410591241346864 0.02703028826718654 -0.11144708181414278 0.36886765595950677 0.41660284857686736 -0.09450329105942072 0.8772319575100833 -0.4527689805056939 -0.29660582502986577 0.20917536364878347 -0.2303121843332946 0.45505558756413367 0.4903675468570669 0.1666301043165188 -0.40453756312390976 -0.270764862435776 0.6772611177691622 -0.4038188872296412 0.046007521597843035
-0.3562705751984749 -0.6081995945458313 -0.019796848358836015 0.30663355033935435 0.1497492876228551 -0.45065087291154904 -0.03934449553343884 0.6760823451033726 -0.04102648822147761 -0.17930572058304195 -0.40689330114486344 0.44517592697505115 -0.6779237833752061 0.304850701595548 0.42378794754748367 0.22811463599202556 0.10054055131739209 -0.10417543572290937 0.34321672318364405 -0.2996790216852962 0.25917742550102774 0.03623253057710181 0.12301426512880322 -0.5363730024873503
0.05103202972494952 -0.04637793126431425 -0.5029024306314519 -0.04904964934204145 -0.2208918285643173 0.06288721742883606 0.2048236482246779 0.1266830394660316 0.15399292250324656 -0.4325762252839836 0.23180847485443515 -0.5560106607139403 -0.33655107227658215 0.35174146637280357 0.1552540064449674 -0.08473310052731192 -0.37661443338314476 -0.46773124301974106 0.42702997427920075 0.07268888979010811 0.07218503717674248 0.03417776923103561 -0.12277297596296488 0.17176792379305447
-0.5197976560725408 0.0067189886457918215 -0.3415341637822421 -0.3754930503295264 0.034433111593312804 0.002186555253213971 0.11355166660467644 0.03153996601064093 -0.3707402886441622 -0.15574362035033024 0.0008953571671649002 -0.5069638353291559 -0.24352708534240478 0.35153094215815023 -0.9528751612349153 -0.16189637781441052 0.10742768842130006 0.6816628201261457 -0.13525227305296617 -0.5214321020943128 0.6948854519284918 0.3190851894501518 0.3905491163697525 -0.2250337452112444
-0.23267686724002068 0.2629667429711182 0.16023269959494285 -0.29643424971018084 0.02302334436030925 -0.12012870736782791 0.708225241937173 0.4420014291630109 -0.433474460614173 -0.106590370164549 -0.11061687115432424 0.09932389164493519 -0.27688940520644456 0.29107073172765063 -0.08110282090700809 0.19300886421072172 -0.34279929313534585 0.22341473603849635 -0.44550949004113205 0.8247711430996398 -0.6349106441891682 -0.2096545599334549 -0.7593294230417839 0.20485490389734867
0.617696768307496 -0.5056625289710975 0.22339680369793904 -0.01147363072144364 -0.1459510018902766 -0.15571367391947918 -0.05134928057122551 0.5307526949129172 -0.05043064637596654 0.3925353183360219 0.046960260204276384 -0.12950213575248767 0.701822026005699 -0.4594831919358526 -0.4778398437081 0.40168768588451215 -0.5637783687131492 -0.22716383599395232 -0.0738169196226365 -0.6442179127704839 -0.6641347522699627 -0.055966040512882086 0.12114345280110436 0.07447281354645198
0.0 0.0 0.0 0.0
0.019877371560133836 0.1299662298230981 0.07318388854745772 -0.00697935242932439
0.02304585991083703 0.2361208995667626 0.24901631508655533 0.20261002036251835
-0.20891324769259803 -0.03493695745527216 0.08113991595934976 -0.10479656254068158
0.11589580908868542 0.05043936470448012 -0.30181234142999497 -0.2246656154805771
-0.010562882628961464 -0.2543517794026118 0.11308475731376354 -0.13796324950980396
0.1176561738546156 -0.16856902804149898 -0.0005151856036160234 -0.37248999406011823
0.09999209425836458 -0.04030135574962085 0.021720127627390205 0.016619860555527076
-0.09219157550557418 0.08521523847780485 -0.09929836539608919 -0.09024478347524095
-0.568878023303322 -0.11055483186696446 0.22475474892870692 0.08386471545798614
0.10457966397250042 -0.18833638673152273 -0.06915413629575311 0.12859996341721272
-0.1283945266286474 -0.03261495796271093 -0.10273270680202562 -0.03053877697928492
-0.0974003615684323 0.09496570257112612 -0.48558504138183384 -0.13906836103252013
-0.38238049365599824 0.17130821585113237 0.09927065317630059 -0.08150865447995898
-0.11977207234376151 0.07443587012993816 -0.022020664902688444 -0.345036838368042
0.05987783162285792 -0.0563016139887159 -0.14599132046297775 -0.10723107689921033
0.48918993657199733 -0.12002223515025884 0.13715355923216418 0.033227882794369196
0.09934333069504642 0.04393217575194665 0.1122692018448442 0.08806558146953125
-0.04888931709288153 0.35309674576637895 0.01980045027330294 -0.3255397446307967
0.057248361395179206 -0.19326578147421014 0.1905051297974447 -0.009212330749513968
-0.06306875012117535 0.0014761911903906524 0.17324672961598775 -0.0280090226070201
-0.005314603941186669 0.22413671498638177 0.09256834437766423 0.13391348371487524
0.09768556524099806 -0.3849853719756776 0.1876394735422152 -0.19994456486011208
-0.38843008425873954 0.07029674834122875 0.35530582783203674 0.10868028102015037
0.2463341120237105 0.334615456387576 -0.03923043324618813 -0.8344619851452219
